(138,144]
(162,168]
(150,156]
(168,174]
(174,180]
(138,144]
(144,150]
(150,156]
(174,180]
(138,144]
(132,138]
(156,162]
(144,150]
(144,150]
(144,150]
(150,156]
(162,168]
(138,144]
(150,156]
(132,138]
(132,138]
(150,156]
(156,162]
(144,150]
(168,174]
(156,162]
(144,150]
(150,156]
(150,156]
(144,150]
(138,144]
(156,162]
(156,162]
(144,150]
(150,156]
(138,144]
(144,150]
(150,156]
(138,144]
(138,144]
(150,156]
(138,144]
(156,162]
(150,156]
(162,168]
(156,162]
(156,162]
(162,168]
(150,156]
(144,150]
